,Sparsity,Proximity,Constraint_Violation,Redundancy,y-Nearest-Neighbours-Probability,y-Nearest-Neighbours-Distance,Time_taken,y-Nearest-Neighbours-Manifold-Distance,Sphere-Manifold-Distance,Success_Rate,Average_Time,y-Nearest-Neighbours
0,7.0,1.1781230518088932,1.0,5.0,0.19999999999999996,6.0,0.05124707699906139,0.19053763113618838,0.25003442842116524,0.566,13.486787755120002,0.3943462897526502
1,7.0,1.0600000041008082,0.0,5.0,0.8,6.0,0.02959470899986627,0.23497655203883597,0.36084128895200257,,,
2,7.0,1.2954050806283148,1.0,4.0,0.0,6.0,31.51523442799953,0.324781943682761,0.2959795569558865,,,
3,7.0,1.0600000024363156,0.0,6.0,0.8,6.0,0.03681670399964787,0.18537292703563713,0.2227609060015104,,,
4,5.0,1.000000023212686,0.0,4.0,1.0,4.0,0.0266255030001048,0.10355824759064927,0.2743091434823379,,,
5,6.0,0.11941086719551192,1.0,5.0,0.0,6.0,0.020950387999619124,0.13372024668643664,0.30887837375140814,,,
6,4.0,1.0698111375939678e-08,0.0,4.0,1.0,4.2,30.98483755000052,0.1285229957471522,0.2758246075687773,,,
7,5.0,3.064273671610218e-08,0.0,5.0,1.0,5.0,0.03240671799903794,0.03498735314698527,0.22115481339467538,,,
8,4.0,5.5012393418429895e-08,0.0,4.0,0.8,4.0,0.021089152000058675,0.3733140765083311,0.4144537114228158,,,
9,6.0,0.1194348271595911,1.0,5.0,0.3999999999999999,6.0,0.01939125500030059,0.2314526978727589,0.322882800643193,,,
10,6.0,0.1772295934423893,1.0,5.0,0.0,6.0,0.01819670400072937,0.1832498513610688,0.23724927668006549,,,
11,7.0,1.2959274242326404,1.0,3.0,0.6,6.0,0.02688673599914182,0.23069393527827461,0.2700634616136869,,,
12,6.0,0.23512831913089088,1.0,5.0,0.19999999999999996,6.0,31.259798124001463,0.2577244391126175,0.24748277391676718,,,
13,3.0,2.295607680335987e-08,0.0,3.0,1.0,3.2,30.746409032000884,0.046941953122844285,0.28491837469910924,,,
14,7.0,1.119507374923286,1.0,5.0,0.19999999999999996,6.0,0.03323575899958087,0.2376955037879468,0.27609256092847717,,,
15,6.0,0.059999972327626744,0.0,6.0,0.3999999999999999,6.0,31.668684920001397,0.09632837314218792,0.29840365854459816,,,
16,6.0,0.11950316110865891,1.0,5.0,0.19999999999999996,6.0,30.88564249999945,0.3022083159377201,0.3538210798068947,,,
17,7.0,1.2954603057238614,1.0,5.0,0.3999999999999999,6.0,31.086538285000643,0.5530229278345993,0.3783951354219854,,,
18,7.0,1.1784281876028473,1.0,2.0,0.0,6.0,0.03675035000014759,0.12264467345511204,0.2293338246042883,,,
19,7.0,1.1193733197563294,1.0,4.0,0.19999999999999996,6.0,0.03272744999958377,0.3930124174841345,0.3782266268601524,,,
20,7.0,1.2363433591249346,1.0,5.0,0.3999999999999999,6.0,0.020343097001386923,0.7020902076333629,0.17048160387022882,,,
21,7.0,1.4076985439315897,1.0,5.0,0.19999999999999996,6.0,31.062511571999494,0.5776963589397974,0.38889936339615383,,,
22,7.0,1.2364783385026512,1.0,5.0,0.6,6.0,31.439430505999553,0.5011854476655406,0.38923523580820085,,,
23,6.0,0.23687418980565828,1.0,5.0,0.6,6.0,0.03165531600097893,0.13859534144041033,0.2280514504084831,,,
24,5.0,1.000000041493026,0.0,4.0,1.0,4.0,30.931860642000174,0.08549098421688112,0.24317114186156577,,,
25,7.0,1.3532258312635341,1.0,5.0,0.0,6.0,0.02773035400059598,0.5571277585150152,0.3800816920446717,,,
26,5.0,1.000000028381774,1.0,4.0,1.0,4.0,31.529888287001086,0.03920419289303028,0.25017028706575195,,,
27,7.0,1.0599999879953965,0.0,5.0,0.0,6.0,0.030787712001256295,0.09716732319856387,0.29824646131811317,,,
28,4.0,2.9364264769737858e-08,0.0,4.0,1.0,4.2,0.03637528900071629,0.1020916825196253,0.28660312409808236,,,
29,7.0,1.1195094972221549,1.0,5.0,0.0,6.0,0.0320697380011552,0.08161513505162343,0.28565044248574817,,,
30,7.0,1.2912320707306342,1.0,5.0,0.0,6.0,31.08275020200017,0.2278663020399849,0.2608246397068819,,,
31,7.0,1.1787888088999088,1.0,4.0,0.19999999999999996,6.0,31.708667978999074,0.1508001960493341,0.24049903238465764,,,
32,7.0,1.178528078219662,1.0,5.0,0.19999999999999996,6.0,0.032808693998958915,0.31029460646345886,0.2850056510805379,,,
33,5.0,3.8531006552045e-08,0.0,5.0,1.0,5.2,0.037565866001386894,0.6946255049049512,0.4173152688375194,,,
34,6.0,0.17794174225463016,1.0,5.0,0.0,6.0,0.04117893200054823,0.19001636260846957,0.2793067296315685,,,
35,7.0,1.348608532876946,1.0,5.0,0.19999999999999996,6.0,31.153988866000873,0.3086858836327253,0.3499086524426301,,,
36,6.0,0.17845557915254254,1.0,5.0,0.19999999999999996,6.0,30.817444829001033,0.15179023893341292,0.21557710792904283,,,
37,7.0,1.2369083366135214,1.0,5.0,0.0,6.0,0.034248260999447666,0.23323444598982884,0.25893719371369717,,,
38,7.0,1.1195197706841353,1.0,5.0,0.0,6.0,0.033473898000011104,0.09776060444242857,0.2623197483291346,,,
39,6.0,1.0000000458607494,0.0,5.0,0.6,5.0,0.020129935999648296,0.04938276638474367,0.2907209919484959,,,
40,6.0,1.0000000301892529,0.0,5.0,0.0,5.0,0.03622648599957756,0.06393873708388827,0.28414392143199296,,,
41,7.0,1.1784946792117628,1.0,0.0,0.0,6.0,0.020622971000193502,0.12315444718676659,0.22225122143466305,,,
42,3.0,1.3908780072124927e-08,0.0,3.0,1.0,3.0,0.03058755400161317,0.07406471754084672,0.268103230540087,,,
43,7.0,1.2371333269430635,1.0,4.0,0.0,6.0,31.35809434099974,0.1467107743201601,0.21379708445634774,,,
44,6.0,0.06000001276450824,0.0,5.0,0.0,6.0,31.062540028000512,0.061424834724999315,0.2912617903695823,,,
45,6.0,0.05999999833954438,0.0,6.0,0.19999999999999996,6.0,0.022346002999256598,0.08874975353367176,0.2822675893116551,,,
46,6.0,0.06000001335291841,0.0,6.0,0.0,6.0,0.029148690000511124,0.09376695780920526,0.35853147951997383,,,
47,7.0,1.1194392591892461,1.0,5.0,0.0,6.0,0.03547693299879029,0.9632026680581487,,,,
48,7.0,1.0599999643664244,0.0,6.0,0.6,6.0,0.02981913700023142,0.09689728034094264,0.23183342173794133,,,
49,7.0,1.3537456960693703,1.0,4.0,0.0,6.0,31.111217821000537,0.5474008906893125,0.4026527817901893,,,
50,7.0,1.0599999695841342,0.0,6.0,0.6,6.0,0.033631767000770196,0.22327613335656082,0.304488844670161,,,
51,7.0,1.1776666674691127,1.0,5.0,0.3999999999999999,6.0,30.77664676600034,0.18024865782677923,0.2641571904731484,,,
52,7.0,1.1195354110848188,1.0,4.0,0.0,6.0,0.02129231199978676,0.12241308564486059,0.27453691720702367,,,
53,5.0,5.3585169385028664e-08,1.0,5.0,0.8,5.0,0.03574527499949909,0.21578852804616006,0.29997328887374736,,,
54,6.0,0.23693207331326147,1.0,5.0,0.19999999999999996,6.0,0.03691688799881376,0.16172208691132617,0.27522933475615885,,,
55,4.0,1.000000010200021,0.0,3.0,1.0,3.2,0.030134147998978733,0.04113026363395423,0.24873852755483694,,,
56,6.0,0.11882440378168002,1.0,4.0,0.0,6.0,31.63363519000086,0.3121187811126059,0.3090442002750664,,,
57,5.0,1.0000000400728095,0.0,4.0,0.19999999999999996,4.0,0.03530117199989036,0.08869953395519783,0.2814569525701703,,,
58,7.0,1.1769161410715903,1.0,5.0,0.0,6.0,0.02802505199906591,0.5926808208426293,0.43467112505203664,,,
59,6.0,0.11953102552308628,1.0,5.0,0.19999999999999996,6.0,0.019914979999157367,0.1412329091333434,0.2917034815531401,,,
60,4.0,3.522517662279956e-08,0.0,4.0,1.0,4.4,0.021294776001013815,0.12998608314042812,0.3812845054425157,,,
61,6.0,0.1783940900851494,1.0,5.0,0.3999999999999999,6.0,30.935682125998937,0.1380056644689375,0.21837835355505236,,,
62,7.0,1.2966519242753844,1.0,1.0,0.0,6.0,0.03197010199983197,0.38532203709352414,0.2747613507138367,,,
63,4.0,3.7369674410481224e-08,0.0,4.0,1.0,4.0,0.022952294000788243,0.12873029474786093,0.351384103263843,,,
64,5.0,4.290280813945557e-08,1.0,5.0,1.0,5.0,31.456298345001414,0.06310260385613298,0.28369497008563044,,,
65,7.0,1.2342635322542903,1.0,5.0,0.6,6.0,0.03457164599967655,0.21132774070075647,0.23486564533213794,,,
66,5.0,4.9752498315625004e-08,0.0,5.0,0.3999999999999999,5.0,30.735773109001457,0.09152873294335317,0.297090961561926,,,
67,5.0,1.0000000151179027,0.0,4.0,0.19999999999999996,5.2,0.02912631100116414,1.0137884182022467,0.46698725003054237,,,
68,7.0,1.236813617894285,1.0,5.0,0.3999999999999999,6.0,0.030722215999048785,0.14355578589541174,0.21059258419308807,,,
69,7.0,1.3506006717540036,1.0,4.0,0.3999999999999999,6.0,31.572757081999953,0.339832778363482,0.3127372077170108,,,
70,4.0,2.0405090853103935e-08,0.0,4.0,1.0,4.0,30.937376257001233,0.052136907096687404,0.2682513086456271,,,
71,4.0,4.61788819960951e-08,0.0,4.0,0.6,4.800000000000001,31.104812862000472,0.334702097641904,0.4292393727339977,,,
72,7.0,1.0600000094839126,0.0,6.0,0.0,6.0,0.028854611999122426,0.31397555541737576,0.2888718684062294,,,
73,7.0,1.3538249486334641,1.0,5.0,0.0,6.0,30.756437748999815,0.2616891232465158,0.32895017753208267,,,
74,7.0,1.1195542748417604,1.0,5.0,0.0,6.0,0.06076341600055457,0.15505517656903767,0.294603177383111,,,
75,6.0,0.17871161286362666,1.0,5.0,0.0,6.0,31.524368075000893,0.21840132456829184,0.25405597575402333,,,
76,7.0,1.059999956537434,0.0,5.0,0.0,6.0,0.030053000000407337,0.1471311408080178,0.27366877827361563,,,
77,5.0,1.0000000351472271,0.0,4.0,1.0,4.0,0.03786658800163423,0.028552464127583922,0.25617193450193704,,,
78,7.0,1.350750380459606,1.0,1.0,0.19999999999999996,6.0,30.832277915000304,0.31228250698150806,0.21640844111765692,,,
79,3.0,1.646336186822417e-08,0.0,3.0,1.0,3.0,31.219077380999806,0.04403565788134431,0.2978650928206369,,,
80,4.0,4.048722437866026e-08,0.0,4.0,1.0,4.0,31.081688002999726,0.07083475548592197,0.2684957859380409,,,
81,6.0,0.0599999887844041,0.0,5.0,0.8,6.0,0.028180241000882233,0.09512993690084558,0.24217505078943033,,,
82,7.0,1.1786066941959144,1.0,5.0,0.19999999999999996,6.0,0.03601393899953109,0.1270086321846675,0.2603636237592604,,,
83,7.0,1.1195537467187937,1.0,5.0,1.0,6.0,0.0285926369997469,0.14530665852898067,0.2679062197670536,,,
84,4.0,1.000000019389817,0.0,3.0,1.0,3.0,0.020449338999242173,0.01797972893203268,0.262567778863014,,,
85,4.0,2.4727238104316207e-08,0.0,4.0,1.0,4.0,31.721863842998573,0.13148705797925694,0.2732770810961265,,,
86,7.0,1.2367233842821441,1.0,5.0,0.19999999999999996,6.0,0.03908969200165302,0.19786131831933515,0.28924800004751555,,,
87,7.0,1.0600000152967475,0.0,3.0,0.0,6.0,0.021377515000494896,0.1106037620293931,0.2521698714750556,,,
88,6.0,0.17808784570014477,1.0,4.0,0.19999999999999996,6.0,30.93126138000116,0.18334566091052018,0.23756722735975286,,,
89,7.0,1.2367172976833318,1.0,5.0,0.3999999999999999,6.0,0.030345870000019204,0.1856266610142006,0.3181623965820485,,,
90,6.0,0.29589509120975405,1.0,5.0,0.0,6.0,0.021894694000366144,0.3954535090179552,0.36520162335196266,,,
91,7.0,1.2953874803078291,1.0,1.0,0.6,6.0,31.017227721999006,0.35017641956649703,0.31277574000676495,,,
92,7.0,1.2959517002879326,1.0,2.0,0.0,6.0,31.148440078999556,0.28617996208405305,0.30075756186231944,,,
93,7.0,1.0599999705067666,0.0,6.0,0.6,6.0,0.03298962299959385,0.22785568813567722,0.3171126892879935,,,
94,7.0,1.3503158487664144,1.0,3.0,0.19999999999999996,6.0,0.028390236000632285,0.304476118768051,0.1906430319897515,,,
95,7.0,1.178255818979972,1.0,5.0,0.0,6.0,31.72983725800077,0.12922561275586664,0.22978408681294749,,,
96,7.0,1.3453235763877354,1.0,4.0,0.0,6.0,0.022990208999544848,1.5839753377409724,,,,
97,7.0,1.3485377869829875,1.0,5.0,0.19999999999999996,6.0,0.03055346800101688,0.4456359728165209,0.3410406490000142,,,
98,7.0,1.2946304646593598,1.0,4.0,0.6,6.0,0.03539955700034625,0.24451346325490927,0.21823763926888792,,,
99,6.0,0.05999997176407684,0.0,6.0,0.8,6.0,31.29993947100047,0.10412665033466667,0.3001423819798255,,,
100,7.0,1.2954965178305804,1.0,4.0,0.19999999999999996,6.0,0.02077428200027498,0.24003499129980518,0.2559624907136711,,,
101,7.0,1.2941717182522885,1.0,5.0,0.0,6.0,0.020408447000590968,0.2797419300871427,0.3241422107913022,,,
102,7.0,1.2961689693817329,1.0,1.0,0.19999999999999996,6.0,0.03070543700050621,0.17615281041972275,0.27788743397570215,,,
103,5.0,5.9334081398132454e-08,0.0,5.0,1.0,5.0,31.129146798000875,0.08302949681363761,0.24418541686437514,,,
104,7.0,1.2954921177950365,1.0,4.0,0.19999999999999996,6.0,31.126601205998668,0.34744371830433346,0.31345614708118213,,,
105,4.0,3.0556397592751416e-08,0.0,4.0,1.0,4.0,0.021835548999661114,0.03599142806105339,0.30313252380042593,,,
106,5.0,1.000000027327032,0.0,4.0,1.0,4.0,0.01928451599997061,0.10954898324550283,0.303705553257184,,,
107,6.0,0.11927990341152434,1.0,5.0,0.19999999999999996,6.0,31.57454820000021,0.1521856031534271,0.2592399921334936,,,
108,6.0,0.11952522411612285,1.0,5.0,0.0,6.0,31.247606855000413,0.1324146589542957,0.2897173495975025,,,
109,7.0,1.1786739278587421,1.0,4.0,0.0,6.0,0.033822770999904606,0.1827821770449322,0.27349246793982573,,,
110,7.0,1.295714539207216,1.0,1.0,0.19999999999999996,6.0,0.037593483000819106,0.18989994687750444,0.2242137551501311,,,
111,7.0,1.2346819685234793,1.0,5.0,0.19999999999999996,6.0,0.021047454998551984,0.23172696911668964,0.24871812230606677,,,
112,4.0,1.0000000101906945,0.0,3.0,1.0,3.0,0.019023873999685748,0.10884671963413486,0.2935052957693168,,,
113,2.0,4.544761747493631e-09,0.0,2.0,1.0,3.4000000000000004,0.024456752000332926,0.1968746075897669,0.4277295129173287,,,
114,7.0,1.1785019947962212,1.0,5.0,0.0,6.0,30.85655377399962,0.14592055889403271,0.28393406277977956,,,
115,7.0,1.0599999509301434,0.0,5.0,0.6,6.0,0.03725609800130769,0.3204174453868432,0.3492624495471744,,,
116,7.0,1.1195662073185348,1.0,0.0,0.19999999999999996,6.0,0.029427191000650055,0.11170259682713386,0.2130732049388883,,,
117,7.0,1.1784973973365793,1.0,5.0,0.3999999999999999,6.0,0.029716421000557602,0.24296595185661252,0.3234065348884102,,,
118,5.0,4.411370717327667e-08,0.0,5.0,1.0,5.0,0.02886067800136516,0.14538169186539227,0.2693319983967653,,,
119,5.0,2.5912301027108953e-08,0.0,5.0,0.19999999999999996,5.0,31.69043835499906,0.2658632016830887,0.2351133210362152,,,
120,7.0,1.2366755128450873,1.0,5.0,0.0,6.0,31.790321103999304,0.5038693532307023,0.3459677966460394,,,
121,3.0,3.0797290107020814e-08,0.0,3.0,1.0,3.2,0.022654873000647058,0.02646640966345344,0.24438235689519025,,,
122,5.0,3.468437152764903e-08,0.0,5.0,0.3999999999999999,5.0,0.03609420999964641,0.14951212540746625,0.29809836518156907,,,
123,5.0,5.246727632912673e-08,0.0,5.0,0.8,5.0,0.020130117000007886,0.18718198458084778,0.32972539161042924,,,
124,7.0,1.2955031588369965,1.0,5.0,0.3999999999999999,6.0,31.31561790700107,0.19480625695492004,0.2373590086175167,,,
125,6.0,0.2369822372393149,1.0,5.0,0.8,6.0,0.020347065999885672,0.14970123427799306,0.21830350782570745,,,
126,7.0,1.1786741418165656,1.0,3.0,0.0,6.0,30.88857659200039,0.1693485476831502,0.30226428689904883,,,
127,6.0,0.35381435870365885,1.0,4.0,0.3999999999999999,6.0,0.029286146998856566,0.35038716887341437,0.3781726896802041,,,
128,6.0,0.23705251108648978,1.0,4.0,0.19999999999999996,6.0,0.03298908400029177,0.528682621201286,0.3512515230368502,,,
129,7.0,1.0599999928539696,0.0,5.0,0.3999999999999999,6.0,31.65892141200129,0.21863833490183895,0.2874315166367418,,,
130,5.0,1.0000000415806436,1.0,4.0,1.0,4.0,30.940526417,0.03148422904093008,0.23714837826244373,,,
131,7.0,1.236434475401496,1.0,5.0,0.19999999999999996,6.0,31.603295089000312,0.15392902648463855,0.23037376899946183,,,
132,7.0,1.234729427196702,1.0,5.0,0.0,6.0,0.03294095999990532,1.2009286240273012,,,,
133,7.0,1.2368751100989912,1.0,5.0,0.0,6.0,0.025670891998743173,0.3755983070914381,0.35398478647444764,,,
134,7.0,1.1194762276280603,1.0,5.0,0.3999999999999999,6.0,30.804769557998952,0.1891227314943121,0.33911596346139594,,,
135,7.0,1.2965516055795552,1.0,1.0,0.19999999999999996,6.0,0.02224325899987889,0.8983102037744649,0.4183945327948385,,,
136,6.0,0.1777340430268794,1.0,5.0,0.19999999999999996,6.0,0.03265554099925794,0.24015237771583756,0.2781267288834709,,,
137,7.0,1.1787879306305755,1.0,4.0,0.0,6.0,0.028537228999994113,0.16562690327469964,0.3151504012367863,,,
138,3.0,1.6221235896174413e-08,0.0,3.0,1.0,3.8000000000000003,31.595604992000517,0.08974187057529695,0.23963559336825846,,,
139,4.0,3.826470192092035e-08,0.0,4.0,1.0,4.0,0.0334007389992621,0.06602507297237194,0.3306518964960989,,,
140,4.0,3.741307055826759e-08,0.0,4.0,1.0,4.0,0.03607445700072276,0.026871251812788433,0.24589751867373133,,,
141,7.0,1.2950516075780314,1.0,5.0,0.3999999999999999,6.0,30.869876314000066,0.3412120605047993,0.30372157873142225,,,
142,7.0,1.1784909496936928,1.0,5.0,0.19999999999999996,6.0,31.107114562999413,0.2520723274862167,0.3235323681447778,,,
143,7.0,1.2955691006331242,1.0,4.0,0.0,6.0,0.03720774100111157,0.35367205015851544,0.24580176818336186,,,
144,7.0,1.119494370427897,1.0,5.0,0.0,6.0,0.03780554399963876,0.12821653105076092,0.3021665093248454,,,
145,6.0,0.05999999801215192,0.0,5.0,0.0,6.0,30.84026892500151,0.09999822428809842,0.3025738690071872,,,
146,5.0,4.9880146568703765e-08,0.0,5.0,1.0,5.0,0.03624643500006641,0.1415672348620852,0.25857927208363635,,,
147,7.0,1.119566973091787,1.0,1.0,0.0,6.0,30.043447295000078,0.1000616353433098,0.26182608722462986,,,
148,4.0,2.0826476043733777e-08,0.0,4.0,1.0,4.0,0.027637920999040944,0.13649822544536036,0.3077026721426169,,,
149,5.0,1.0000000282013852,0.0,4.0,0.6,4.0,31.05579062600009,0.25821637356562405,0.2900204077824433,,,
150,6.0,0.2949907638112519,1.0,5.0,0.0,6.0,31.072707634000835,0.38295831789460255,0.3336669210714979,,,
151,7.0,1.3496369787015476,1.0,5.0,0.3999999999999999,6.0,30.9355387960004,0.19035965191386636,0.23199547432117792,,,
152,7.0,1.1777582546982612,1.0,5.0,0.0,6.0,0.0374844279995159,0.15360176757956268,0.2753781737707227,,,
153,6.0,1.0000000488215715,0.0,5.0,0.19999999999999996,5.0,31.77799349400084,0.06178182959864359,0.2603813535128197,,,
154,7.0,1.354252525787941,1.0,4.0,0.0,6.0,31.161893620001138,0.2810996664040079,0.3125088263605262,,,
155,6.0,0.05999999738395018,0.0,5.0,0.3999999999999999,6.0,0.03333515600024839,0.3701292303031438,0.44301081509625895,,,
156,6.0,0.1193967371208521,1.0,5.0,0.0,6.0,30.99217520000093,0.14053575855226477,0.32442093365503816,,,
157,7.0,1.3493418890193727,1.0,5.0,0.6,6.0,0.04120360600063577,0.21384318815013958,0.2431887654269644,,,
158,6.0,0.17809318297581836,1.0,0.0,0.0,6.0,31.080836881999858,0.16113064007544928,0.23779508002287655,,,
159,6.0,0.11941670604322104,1.0,5.0,0.0,6.0,0.03732788100023754,0.1097555345718066,0.3116771416894425,,,
160,6.0,1.0000000171036283,0.0,5.0,0.8,5.0,31.611130241000865,0.40098426473480164,0.40668174654878514,,,
161,7.0,1.295318159548692,1.0,5.0,0.19999999999999996,6.0,31.2308415589996,0.27492699989763025,0.30647431916141304,,,
162,7.0,1.236904145139555,1.0,5.0,0.19999999999999996,6.0,0.036908271998981945,0.254488497562613,0.30134215514315177,,,
163,5.0,4.996185350158999e-08,1.0,5.0,1.0,5.0,30.929117558000144,0.0326221364934374,0.21220687142056258,,,
164,5.0,4.218928016663792e-08,0.0,5.0,0.3999999999999999,5.0,0.02790947799985588,0.16517683552234888,0.2992262160092168,,,
165,5.0,4.155422839852152e-08,0.0,5.0,0.3999999999999999,5.0,31.341581431001032,0.07255567595164618,0.24697434912872568,,,
166,7.0,1.2373074502408297,1.0,5.0,0.19999999999999996,6.0,0.03874349999932747,0.23780719302240472,0.31789142578612345,,,
167,5.0,4.146656551462513e-08,0.0,5.0,1.0,5.0,0.0397605170001043,0.21007421790233627,0.3614188919236059,,,
168,4.0,2.3555258299445825e-08,0.0,4.0,1.0,4.0,31.250228287000937,0.06854559874633448,0.27412653216367255,,,
169,5.0,1.00000003224565,0.0,4.0,1.0,4.0,31.091647142999136,0.027673763795137158,0.22098302658304492,,,
170,7.0,1.3529805005901827,1.0,5.0,0.0,6.0,31.072841809000238,0.34778113723225346,0.3191676581271778,,,
171,7.0,1.237046231756742,1.0,4.0,0.19999999999999996,6.0,0.03727169500052696,0.23459838732530575,0.3342042531329203,,,
172,6.0,1.0000000339357786,0.0,5.0,0.19999999999999996,5.0,0.020370150999951875,0.47733678063631513,0.3380874101340753,,,
173,7.0,1.348970991167802,1.0,4.0,0.0,6.0,0.037884254999880795,0.34186771913280684,0.33003754122804085,,,
174,5.0,3.6502998873588766e-08,0.0,5.0,1.0,5.0,0.02070762299990747,0.030664246184473522,0.2377185761736926,,,
175,6.0,0.2369985251745802,1.0,5.0,0.8,6.0,31.772279762000835,0.13976353054995802,0.23854652346843594,,,
176,5.0,6.279693121058472e-08,0.0,5.0,0.3999999999999999,5.0,31.232687812000222,0.05070155813838595,0.25034017658919194,,,
177,7.0,1.1785659520325913,1.0,5.0,0.6,6.0,30.99595511699954,0.4234179726890197,0.3234588613367072,,,
178,6.0,0.05999999388155068,0.0,6.0,0.0,6.0,30.86948691699945,0.06043198617677767,0.22571054047887834,,,
179,6.0,0.1788396694967998,1.0,2.0,0.0,6.0,0.020322385000326904,0.17013374147446744,0.25724795566375563,,,
180,5.0,3.153969577174287e-08,0.0,5.0,1.0,5.0,0.030997298999864142,0.11451898145930195,0.2562602033878305,,,
181,6.0,0.3504969606740978,1.0,4.0,0.6,6.0,31.519429280000622,0.3249289357254817,0.24026956978332814,,,
182,7.0,1.1195082779218457,1.0,5.0,0.0,6.0,30.95886995300134,0.2548283830901835,0.3763079235448166,,,
183,7.0,1.1784300244270922,1.0,5.0,0.19999999999999996,6.0,31.434544773999733,0.1417630042521006,0.29712917429136143,,,
184,5.0,1.0000000395733197,0.0,4.0,1.0,4.6000000000000005,0.030125018000035197,0.21542372202585736,0.3658453351953482,,,
185,5.0,1.0000000268265903,0.0,4.0,0.3999999999999999,4.0,0.03198184999928344,0.23168287031302004,0.385917006870452,,,
186,7.0,1.178763624113054,1.0,5.0,0.3999999999999999,6.0,0.03428187499957858,0.17560778585675593,0.3243396203072583,,,
187,4.0,3.991846796169707e-08,0.0,4.0,1.0,4.800000000000001,0.033331870999973034,0.19448260519787636,0.39194460771166995,,,
188,7.0,1.1787612986612312,1.0,5.0,0.0,6.0,0.020332112999312812,0.1796135036745585,0.3206424588249437,,,
189,7.0,1.2361251176594064,1.0,5.0,0.3999999999999999,6.0,0.018815265999364783,0.37263139470835854,0.3128728794537247,,,
190,7.0,1.2951726832192074,1.0,1.0,0.19999999999999996,6.0,31.016999827999825,0.2514500315038899,0.25640795305947145,,,
191,7.0,1.350513156038411,1.0,4.0,0.0,6.0,0.03258684899992659,0.29036800081341724,0.26352144130410254,,,
192,7.0,1.2376913555388511,1.0,2.0,0.3999999999999999,6.0,0.03317131500079995,0.3010288039419251,0.350810483057769,,,
193,7.0,1.1782575669182118,1.0,5.0,0.0,6.0,0.029926793000413454,0.13771424942372198,0.252895573427493,,,
194,7.0,1.1194293489088993,1.0,5.0,0.19999999999999996,6.0,0.03147809499932919,0.195619829291109,0.2925715392924499,,,
195,7.0,1.2367154024764435,1.0,5.0,0.0,6.0,31.724585226000272,0.20333544284728516,0.23795164654738285,,,
196,5.0,3.940189945150774e-08,0.0,5.0,1.0,5.0,31.044561853999767,0.07523703966217488,0.23352603192899754,,,
197,5.0,5.194979295353175e-08,0.0,5.0,0.3999999999999999,5.0,0.02834765399893513,0.06665821893754335,0.2744177295297487,,,
198,7.0,1.2958898505445948,1.0,4.0,0.19999999999999996,6.0,0.018022805999862612,0.3000694230774368,0.3140765946690238,,,
199,7.0,1.4057033487111237,1.0,5.0,0.0,6.0,31.01603876399895,0.42422906023500656,0.3987004813900248,,,
200,7.0,1.3539681050898078,1.0,4.0,0.19999999999999996,6.0,0.036412892000953434,0.5528384441595623,0.34320018607939545,,,
201,7.0,1.3479730221793194,1.0,4.0,0.3999999999999999,6.0,31.069008484999358,0.2836996077140922,0.26970078766084565,,,
202,4.0,2.654969871729307e-08,0.0,4.0,1.0,4.0,0.021569430000454304,0.013799148705587697,0.24207044870837363,,,
203,7.0,1.2951243938179335,1.0,5.0,0.6,6.0,31.44101914500061,0.16548255811190643,0.25320961431663486,,,
204,4.0,2.5184050025939264e-08,0.0,4.0,1.0,4.0,31.049187796001206,0.011699445485317254,0.24292988338200916,,,
205,7.0,1.3514490087127637,1.0,4.0,0.19999999999999996,6.0,30.951091004000773,0.2738403092451768,0.3355110544924091,,,
206,4.0,3.9993882122724145e-08,0.0,4.0,1.0,4.0,0.022825560999990557,0.09865929757987195,0.32507032925942053,,,
207,6.0,0.1785390882101236,1.0,5.0,0.3999999999999999,6.0,31.14259780300017,0.13570022928569134,0.2988663426103609,,,
208,6.0,0.11956448689635174,1.0,0.0,0.0,6.0,0.02199930200004019,0.10542932080212815,0.21299436486728326,,,
209,7.0,1.119421463767492,1.0,5.0,0.19999999999999996,6.0,31.7514270949996,0.11392064166361791,0.24932407971503623,,,
210,7.0,1.3504991691809756,1.0,0.0,0.0,6.0,0.03842786600034742,0.48582427598627603,0.3174998715667652,,,
211,4.0,4.735295114355331e-08,0.0,4.0,1.0,4.0,0.03838657599953876,0.07040322995765326,0.307989882653775,,,
212,5.0,1.000000032582877,0.0,4.0,0.6,4.0,30.980044161999103,0.04242578629834584,0.25117540645507963,,,
213,6.0,0.11933968228141176,1.0,5.0,0.19999999999999996,6.0,0.03212199399968085,0.2626281402043724,0.37129990834951143,,,
214,7.0,1.2952084999112081,1.0,5.0,0.3999999999999999,6.0,0.03651365599944256,0.16362804979269688,0.23979727153670652,,,
215,7.0,1.1785143450229008,1.0,5.0,0.0,6.0,0.0324081329999899,0.15005301514821415,0.28302043273211197,,,
216,6.0,0.23731202085509412,1.0,5.0,0.19999999999999996,6.0,31.017054136000297,0.24772770825873924,0.3108337960922146,,,
217,6.0,0.05999998460966385,0.0,5.0,0.3999999999999999,6.0,0.02934499299954041,0.09517076400730942,0.2590628744372003,,,
218,7.0,1.1783529625844926,1.0,5.0,0.19999999999999996,6.0,0.020599491999746533,0.17744898874010442,0.27145744542156586,,,
219,7.0,1.17829475017808,1.0,2.0,0.0,6.0,31.230837291999705,0.16388375866738636,0.24651746588669818,,,
220,7.0,1.236780722985062,1.0,5.0,0.0,6.0,0.03735877599865489,0.21768118653641055,0.2846199337338241,,,
221,7.0,1.1784464220229953,1.0,2.0,0.19999999999999996,6.0,31.328383957999904,0.14477107671909095,0.22574098921899818,,,
222,7.0,1.2365650947458076,1.0,5.0,0.0,6.0,0.033945168999707676,0.18328083314598426,0.28419664579243864,,,
223,7.0,1.1785112857605011,1.0,2.0,0.6,6.0,0.03173194699957094,0.24292157151353916,0.28187791269916446,,,
224,5.0,4.0961718725252005e-08,1.0,5.0,1.0,5.0,31.01509038399854,0.31800440363868704,0.3667822069596832,,,
225,6.0,0.17804383060875079,1.0,3.0,0.0,6.0,31.09948542699931,0.16919610183225872,0.23705353759614634,,,
226,7.0,1.2950609289076387,1.0,1.0,0.19999999999999996,6.0,31.489095230001112,0.26460555685421666,0.2939920325930743,,,
227,7.0,1.3527090795928107,1.0,5.0,0.19999999999999996,6.0,0.029918604999693343,0.3385018904233847,0.32280853275876065,,,
228,5.0,2.4199595716201117e-08,0.0,5.0,1.0,5.0,0.03966929399757646,0.09407950814952437,0.2714660559037499,,,
229,7.0,1.1782275466045495,1.0,5.0,0.19999999999999996,6.0,31.346908622999763,0.11722566955075153,0.2073546000740048,,,
230,4.0,3.81977029451086e-08,0.0,4.0,1.0,4.0,30.136985250999714,0.08831087124920059,0.29182234088961173,,,
231,3.0,2.507694134290528e-08,1.0,3.0,1.0,3.2,31.14456778800013,0.03801510345516745,0.2420689425904,,,
232,6.0,0.05999997421214062,0.0,6.0,0.3999999999999999,6.0,31.663270092998573,0.09618683063996109,0.28691494105185494,,,
233,7.0,1.3507412048054726,1.0,1.0,0.0,6.0,31.249378309999884,0.8521993313435516,0.38908182667736746,,,
234,5.0,4.241333495524913e-08,0.0,5.0,1.0,5.0,0.03753678900102386,0.21426002988132234,0.306514334828658,,,
235,7.0,1.2368660429940723,1.0,5.0,0.6,6.0,0.03217447999850265,0.1428745540044485,0.27757709669667846,,,
236,7.0,1.2925871288190163,1.0,5.0,0.19999999999999996,6.0,31.294595270999707,0.28760767369772067,0.3182316569500446,,,
237,6.0,0.059999991897214305,0.0,5.0,0.19999999999999996,6.0,0.020892421001917683,0.3204897275027371,0.3893283633175604,,,
238,7.0,1.0600000162214964,0.0,2.0,0.0,6.0,0.01913345800130628,0.10227624254507679,0.2883605087849673,,,
239,4.0,2.2754036557715018e-08,0.0,4.0,1.0,4.800000000000001,31.01368301200273,0.13278598376010015,0.30807624905852105,,,
240,7.0,1.0599999989853468,0.0,5.0,0.8,6.0,0.021606434998830082,0.5686736550998953,0.44359691307851745,,,
241,7.0,1.2958290578520304,1.0,4.0,0.0,6.0,0.034855999998399056,0.25562683010065956,0.29114666196188366,,,
242,4.0,2.9438425648564692e-08,0.0,4.0,1.0,4.0,0.03180828600306995,0.04878281828381853,0.2607493727918062,,,
243,7.0,1.2359663391806495,1.0,5.0,0.0,6.0,31.746687729999394,0.1878857200700091,0.3013548911316341,,,
244,7.0,1.119346458881238,1.0,5.0,0.19999999999999996,6.0,0.037581388001854066,0.4184296745457212,0.3978205911641085,,,
245,6.0,0.059999978189740844,0.0,5.0,0.19999999999999996,6.0,0.02779091599950334,0.09282370578657424,0.3427939341067169,,,
246,5.0,1.000000033163319,0.0,4.0,1.0,4.0,0.02733910800088779,0.04930436320310777,0.24982251907337064,,,
247,7.0,1.3521216075481364,1.0,4.0,0.0,6.0,31.059646450998116,0.5683296883971742,0.3979012626583773,,,
248,7.0,1.2359168590637635,1.0,5.0,0.3999999999999999,6.0,0.022470231000625063,0.19432889740478534,0.2334136082306783,,,
249,6.0,0.17617557749927037,1.0,5.0,0.0,6.0,0.029161712001950946,0.2100483576743431,0.2618083466485575,,,
250,3.0,1.1716494496827323e-08,0.0,3.0,1.0,3.2,0.020219111996993888,0.044858212413497786,0.2488423461528524,,,
251,7.0,1.1786067934922944,1.0,5.0,0.3999999999999999,6.0,0.01986043999932008,0.16720839903534201,0.29111919874604353,,,
252,5.0,1.0000000409649608,0.0,4.0,0.6,4.2,31.006768644001568,0.07606431414153868,0.28676737035825034,,,
253,7.0,1.2919148337198219,1.0,5.0,0.19999999999999996,6.0,31.07013759199981,0.23241023651912635,0.28056821674079724,,,
254,6.0,0.11944440443311621,1.0,5.0,0.19999999999999996,6.0,31.606623085001047,0.09838334345011089,0.23884624124873102,,,
255,7.0,1.236246453754481,1.0,5.0,0.19999999999999996,6.0,0.03493109299961361,0.1981191800762805,0.2572433828200887,,,
256,7.0,1.2373223158814382,1.0,5.0,0.3999999999999999,6.0,31.175880075999885,0.2012718508042336,0.3112042139513218,,,
257,6.0,0.17854951148404127,1.0,5.0,0.3999999999999999,6.0,31.035438918999716,0.17154940827535076,0.256169378608058,,,
258,6.0,0.1783197772966398,1.0,5.0,0.3999999999999999,6.0,31.058809326998016,0.15534634466203742,0.28279882336044454,,,
259,6.0,0.05999997934363471,0.0,6.0,0.6,6.0,31.60536319399762,0.14300515018975243,0.24171082838392347,,,
260,6.0,0.1785438774235411,1.0,0.0,0.8,6.0,0.038154701000166824,0.22697304354423917,0.28148014142317535,,,
261,6.0,0.11942028782199257,1.0,5.0,0.0,6.0,0.03220088600210147,0.16592719727521266,0.25228816225985046,,,
262,7.0,1.1195235606829865,1.0,1.0,0.0,6.0,30.151238016002026,0.11573562002941902,0.25546203797561806,,,
263,7.0,1.1778013563209087,1.0,5.0,0.19999999999999996,6.0,0.023648590002267156,0.2214931393307966,0.2782887424108021,,,
264,7.0,1.2363531521660511,1.0,5.0,0.19999999999999996,6.0,0.033900323000125354,0.223075623877889,0.30925345819978367,,,
265,7.0,1.2366043294350995,1.0,5.0,0.6,6.0,0.03697010199903161,0.13769950124541006,0.22121698742916965,,,
266,7.0,1.3527912070502288,1.0,5.0,0.0,6.0,30.867265959997894,0.2019398848236354,0.2645929868292276,,,
267,7.0,1.2375443364465677,1.0,5.0,0.3999999999999999,6.0,0.03115404400159605,0.31274592591043376,0.29725297961808445,,,
268,4.0,1.00000002147694,0.0,3.0,1.0,3.0,0.03934320400003344,0.033554471492711256,0.24278821523999378,,,
269,7.0,1.0600000064558373,0.0,5.0,0.3999999999999999,6.0,0.02989194999827305,0.23654970237385498,0.30974826415402995,,,
270,7.0,1.1784885270064185,1.0,0.0,0.3999999999999999,6.0,0.02757226200264995,0.12820898494716965,0.2152245502097832,,,
271,5.0,3.273666261682795e-08,0.0,5.0,1.0,5.0,31.142581429998245,0.06616104399612606,0.22624480247375728,,,
272,6.0,0.11889290107193373,1.0,5.0,0.19999999999999996,6.0,0.02216290100113838,0.19783052492928932,0.3167585724589848,,,
273,6.0,0.2920175242622982,1.0,4.0,0.19999999999999996,6.0,0.03468696900017676,0.3089911082385226,0.3144619826575956,,,
274,7.0,1.296182070990153,1.0,0.0,0.19999999999999996,6.0,31.450930262002657,0.3021581898809993,0.29843603798616924,,,
275,7.0,1.1195712171868346,1.0,0.0,0.0,6.0,0.035787294000328984,0.24320724211165679,0.27214059477102803,,,
276,7.0,1.2952778929154163,1.0,5.0,0.19999999999999996,6.0,0.02291807300207438,0.3108376713836808,0.30768188862309703,,,
277,7.0,1.4085443925549543,1.0,4.0,0.0,6.0,30.50127261599846,0.5521104886560799,0.3796204095314757,,,
278,7.0,1.1786542858560374,1.0,5.0,0.0,6.0,30.39541054000074,0.2033167687784554,0.31787577549387264,,,
279,7.0,1.2951943854415164,1.0,4.0,0.19999999999999996,6.0,0.020831419999012724,0.21182708772972522,0.22363649063077917,,,
280,5.0,3.503601178622695e-08,0.0,5.0,1.0,5.0,31.39090544300052,0.10753388705483738,0.31741515961122674,,,
281,7.0,1.3489349146170746,1.0,5.0,0.19999999999999996,6.0,0.024890476001019124,0.2791994318245502,0.2963998903175338,,,
282,7.0,1.1194675527644977,1.0,5.0,0.3999999999999999,6.0,31.6035019919982,0.35939647969565003,0.3696132916736358,,,
283,,,,,,,0.03887449800095055,,,,,
284,,,,,,,31.293074444998638,,,,,
285,,,,,,,0.021843598002305953,,,,,
286,,,,,,,0.019173638000211213,,,,,
287,,,,,,,31.011041650999687,,,,,
288,,,,,,,31.588089256001695,,,,,
289,,,,,,,31.058945693999704,,,,,
290,,,,,,,0.020501110000623157,,,,,
291,,,,,,,31.127641933999257,,,,,
292,,,,,,,0.03798158400240936,,,,,
293,,,,,,,30.999677610001527,,,,,
294,,,,,,,31.612726413000928,,,,,
295,,,,,,,0.039558458996907575,,,,,
296,,,,,,,30.994114961999003,,,,,
297,,,,,,,0.022973339997406583,,,,,
298,,,,,,,31.16964445999838,,,,,
299,,,,,,,0.039104562001739396,,,,,
300,,,,,,,0.021897532998991664,,,,,
301,,,,,,,31.058157404000667,,,,,
302,,,,,,,0.03479849200084573,,,,,
303,,,,,,,0.02133647899972857,,,,,
304,,,,,,,0.030280257000413258,,,,,
305,,,,,,,31.648743634999846,,,,,
306,,,,,,,31.190758010001446,,,,,
307,,,,,,,30.92400076099875,,,,,
308,,,,,,,0.028276564000407234,,,,,
309,,,,,,,0.03223879700090038,,,,,
310,,,,,,,31.11789062599928,,,,,
311,,,,,,,0.02071984600115684,,,,,
312,,,,,,,31.5319210939997,,,,,
313,,,,,,,0.03834630900018965,,,,,
314,,,,,,,31.838569822000863,,,,,
315,,,,,,,31.100527143000363,,,,,
316,,,,,,,0.031239233001542743,,,,,
317,,,,,,,31.131106764001743,,,,,
318,,,,,,,31.438097557998844,,,,,
319,,,,,,,31.612707228003273,,,,,
320,,,,,,,0.033956153001781786,,,,,
321,,,,,,,0.02147338200302329,,,,,
322,,,,,,,31.40291370200066,,,,,
323,,,,,,,31.439714973002992,,,,,
324,,,,,,,0.02136476799933007,,,,,
325,,,,,,,0.03643926600125269,,,,,
326,,,,,,,31.280833141001494,,,,,
327,,,,,,,0.02401555200049188,,,,,
328,,,,,,,0.030952776000049198,,,,,
329,,,,,,,0.03557359399928828,,,,,
330,,,,,,,31.20126412299942,,,,,
331,,,,,,,0.03831010399881052,,,,,
332,,,,,,,0.03834183600338292,,,,,
333,,,,,,,0.03191938900272362,,,,,
334,,,,,,,0.02952601600190974,,,,,
335,,,,,,,30.81173375999788,,,,,
336,,,,,,,30.033445085002313,,,,,
337,,,,,,,0.030059205000725342,,,,,
338,,,,,,,30.897553955001058,,,,,
339,,,,,,,0.03308484599983785,,,,,
340,,,,,,,31.60098480799934,,,,,
341,,,,,,,0.020488158999796724,,,,,
342,,,,,,,0.01936974599811947,,,,,
343,,,,,,,31.032042344999354,,,,,
344,,,,,,,31.573813888000586,,,,,
345,,,,,,,0.040612977998534916,,,,,
346,,,,,,,0.04077544599931571,,,,,
347,,,,,,,30.94601232399873,,,,,
348,,,,,,,0.03849421400082065,,,,,
349,,,,,,,0.036045788998308126,,,,,
350,,,,,,,0.02189765000002808,,,,,
351,,,,,,,0.03289414399841917,,,,,
352,,,,,,,0.02103010000064387,,,,,
353,,,,,,,0.03418962499927147,,,,,
354,,,,,,,0.022440597000240814,,,,,
355,,,,,,,0.029763266000372823,,,,,
356,,,,,,,31.21259717800058,,,,,
357,,,,,,,0.029674969999177847,,,,,
358,,,,,,,0.029552963002061006,,,,,
359,,,,,,,30.890459453999938,,,,,
360,,,,,,,0.0386947560000408,,,,,
361,,,,,,,0.02148825400217902,,,,,
362,,,,,,,0.018683211997995386,,,,,
363,,,,,,,0.02651271500144503,,,,,
364,,,,,,,31.703573914001026,,,,,
365,,,,,,,0.034846410002501216,,,,,
366,,,,,,,0.034045099000650225,,,,,
367,,,,,,,31.05145407300006,,,,,
368,,,,,,,0.03669861299931654,,,,,
369,,,,,,,30.863678424997488,,,,,
370,,,,,,,31.23175893699954,,,,,
371,,,,,,,30.1717190950003,,,,,
372,,,,,,,0.028629092001210665,,,,,
373,,,,,,,0.03122351499769138,,,,,
374,,,,,,,31.268654228999367,,,,,
375,,,,,,,30.825989448996552,,,,,
376,,,,,,,0.032505684001080226,,,,,
377,,,,,,,30.951512551000633,,,,,
378,,,,,,,0.0386619780001638,,,,,
379,,,,,,,0.03147996699772193,,,,,
380,,,,,,,31.795839135997085,,,,,
381,,,,,,,31.537424411002576,,,,,
382,,,,,,,0.03673002399955294,,,,,
383,,,,,,,30.828905301001214,,,,,
384,,,,,,,0.03282707499965909,,,,,
385,,,,,,,31.030487031999655,,,,,
386,,,,,,,31.266917984998145,,,,,
387,,,,,,,0.020652405997680034,,,,,
388,,,,,,,31.19619160900038,,,,,
389,,,,,,,30.953858193999622,,,,,
390,,,,,,,0.03402849299891386,,,,,
391,,,,,,,0.03727796000021044,,,,,
392,,,,,,,0.03688134399999399,,,,,
393,,,,,,,0.019955368999944767,,,,,
394,,,,,,,31.59350839900071,,,,,
395,,,,,,,0.031903823000902776,,,,,
396,,,,,,,30.89794797000286,,,,,
397,,,,,,,31.138922189002187,,,,,
398,,,,,,,0.020982125999580603,,,,,
399,,,,,,,0.020407285999681335,,,,,
400,,,,,,,30.799936136001634,,,,,
401,,,,,,,31.57670089000021,,,,,
402,,,,,,,0.03083898999830126,,,,,
403,,,,,,,30.710809467000217,,,,,
404,,,,,,,0.03906925999763189,,,,,
405,,,,,,,0.020760351999342674,,,,,
406,,,,,,,0.02895679599896539,,,,,
407,,,,,,,0.035710915999516146,,,,,
408,,,,,,,0.028029355002217926,,,,,
409,,,,,,,0.03252170799896703,,,,,
410,,,,,,,31.22717813700001,,,,,
411,,,,,,,30.788988841999526,,,,,
412,,,,,,,31.65391542499856,,,,,
413,,,,,,,0.022003804002451943,,,,,
414,,,,,,,0.025493312001344748,,,,,
415,,,,,,,30.824695539002278,,,,,
416,,,,,,,31.038634314001683,,,,,
417,,,,,,,30.767385888000717,,,,,
418,,,,,,,31.617089786002907,,,,,
419,,,,,,,30.941237660001207,,,,,
420,,,,,,,0.03451913000026252,,,,,
421,,,,,,,31.168112765000842,,,,,
422,,,,,,,0.01992689500184497,,,,,
423,,,,,,,30.925102357003198,,,,,
424,,,,,,,31.512898190998385,,,,,
425,,,,,,,0.036521201000141446,,,,,
426,,,,,,,0.029474426002707332,,,,,
427,,,,,,,30.895789122998394,,,,,
428,,,,,,,0.032046132000687066,,,,,
429,,,,,,,0.020654730997193838,,,,,
430,,,,,,,0.03474003600058495,,,,,
431,,,,,,,30.882845689000533,,,,,
432,,,,,,,0.03591066700028023,,,,,
433,,,,,,,0.03193875500073773,,,,,
434,,,,,,,31.08540498200091,,,,,
435,,,,,,,0.021720863001974067,,,,,
436,,,,,,,31.77521451699795,,,,,
437,,,,,,,30.93007908999789,,,,,
438,,,,,,,0.03190586300115683,,,,,
439,,,,,,,0.020817798002099153,,,,,
440,,,,,,,0.034413848999975016,,,,,
441,,,,,,,30.768753292002657,,,,,
442,,,,,,,31.260604545001115,,,,,
443,,,,,,,0.03068333299961523,,,,,
444,,,,,,,30.97935282799881,,,,,
445,,,,,,,31.18870180399972,,,,,
446,,,,,,,30.942252322001877,,,,,
447,,,,,,,0.03596379499867908,,,,,
448,,,,,,,0.034951487999933306,,,,,
449,,,,,,,31.62327803199878,,,,,
450,,,,,,,31.153566916000273,,,,,
451,,,,,,,0.036004359997605206,,,,,
452,,,,,,,0.031005663000541972,,,,,
453,,,,,,,0.027056433998950524,,,,,
454,,,,,,,0.029978490998473717,,,,,
455,,,,,,,0.03080680000130087,,,,,
456,,,,,,,0.03319990799718653,,,,,
457,,,,,,,0.033051133003027644,,,,,
458,,,,,,,0.035057659002632136,,,,,
459,,,,,,,0.03291042400087463,,,,,
460,,,,,,,0.03542701100013801,,,,,
461,,,,,,,0.03361389899873757,,,,,
462,,,,,,,0.021232506001979345,,,,,
463,,,,,,,31.320049707999715,,,,,
464,,,,,,,30.741003748000367,,,,,
465,,,,,,,0.028920308999659028,,,,,
466,,,,,,,31.655686004000017,,,,,
467,,,,,,,0.03210682900316897,,,,,
468,,,,,,,0.02144169500024873,,,,,
469,,,,,,,0.026565768999716965,,,,,
470,,,,,,,0.035494423002091935,,,,,
471,,,,,,,30.868574694002746,,,,,
472,,,,,,,31.131299839998974,,,,,
473,,,,,,,30.840246473999287,,,,,
474,,,,,,,31.802275510999607,,,,,
475,,,,,,,0.035995846999867354,,,,,
476,,,,,,,30.844349728999077,,,,,
477,,,,,,,31.18106299200008,,,,,
478,,,,,,,31.058655419001298,,,,,
479,,,,,,,31.469399790999887,,,,,
480,,,,,,,0.03348257000106969,,,,,
481,,,,,,,0.034572098000353435,,,,,
482,,,,,,,31.062041826000495,,,,,
483,,,,,,,31.063236681999115,,,,,
484,,,,,,,30.890424920999067,,,,,
485,,,,,,,30.07378071600033,,,,,
486,,,,,,,0.0415781080009765,,,,,
487,,,,,,,0.03506646700043348,,,,,
488,,,,,,,0.04094990500016138,,,,,
489,,,,,,,0.020460351999645354,,,,,
490,,,,,,,31.24999689700053,,,,,
491,,,,,,,31.294037762996595,,,,,
492,,,,,,,0.042210092000459554,,,,,
493,,,,,,,31.140093287001946,,,,,
494,,,,,,,31.715068156001507,,,,,
495,,,,,,,31.080208760999085,,,,,
496,,,,,,,30.96219612799905,,,,,
497,,,,,,,31.245387627997843,,,,,
498,,,,,,,31.272745510999812,,,,,
499,,,,,,,0.03237655500197434,,,,,
